#include "consts.h"

const double matriz_DCT[8][8] = {
    {0.354,  0.354,  0.354,  0.354,  0.354,  0.354,  0.354,  0.354},
    {0.490,  0.416,  0.278,  0.098, -0.098, -0.278, -0.416, -0.490},
    {0.462,  0.191, -0.191, -0.462, -0.462, -0.191,  0.191,  0.462},
    {0.416, -0.098, -0.490, -0.278,  0.278,  0.490,  0.098, -0.416},
    {0.354, -0.354, -0.354,  0.354,  0.354, -0.354, -0.354,  0.354},
    {0.278, -0.490,  0.098,  0.416, -0.416, -0.098,  0.490, -0.278},
    {0.191, -0.462,  0.462, -0.191, -0.191,  0.462, -0.462,  0.191},
    {0.098, -0.278,  0.416, -0.490,  0.490, -0.416,  0.278, -0.098}
};

const double matriz_DCT_T[8][8] = {
    {0.354,  0.490,  0.462,  0.416,  0.354,  0.278,  0.191,  0.098},
    {0.354,  0.416,  0.191, -0.098, -0.354, -0.490, -0.462, -0.278},
    {0.354,  0.278, -0.191, -0.490, -0.354,  0.098,  0.462,  0.416},
    {0.354,  0.098, -0.462, -0.278,  0.354,  0.416, -0.191, -0.490},
    {0.354, -0.098, -0.462,  0.278,  0.354, -0.416, -0.191,  0.490},
    {0.354, -0.278, -0.191,  0.490, -0.354, -0.098,  0.462, -0.416},
    {0.354, -0.416,  0.191,  0.098, -0.354,  0.490, -0.462,  0.278},
    {0.354, -0.490,  0.462, -0.416,  0.354, -0.278,  0.191, -0.098}
};

const double matriz_DCT_INV[8][8] = {
    { 0.35310734,  0.49006566,  0.46213864,  0.41627118,  0.35310734,  0.27751497,  0.19105732,  0.09744750 },
    { 0.35310734,  0.41627118,  0.19105732, -0.09744750, -0.35310734, -0.49006566, -0.46213864, -0.27751497 },
    { 0.35310734,  0.27751497, -0.19105732, -0.49006566, -0.35310734,  0.09744750,  0.46213864,  0.41627118 },
    { 0.35310734,  0.09744750, -0.46213864, -0.27751497,  0.35310734,  0.41627118, -0.19105732, -0.49006566 },
    { 0.35310734, -0.09744750, -0.46213864,  0.27751497,  0.35310734, -0.41627118, -0.19105732,  0.49006566 },
    { 0.35310734, -0.27751497, -0.19105732,  0.49006566, -0.35310734, -0.09744750,  0.46213864, -0.41627118 },
    { 0.35310734, -0.41627118,  0.19105732,  0.09744750, -0.35310734,  0.49006566, -0.46213864,  0.27751497 },
    { 0.35310734, -0.49006566,  0.46213864, -0.41627118,  0.35310734, -0.27751497,  0.19105732, -0.09744750 }
};

const double matriz_DCT_T_INV[8][8] = {
    { 0.35310734,  0.35310734,  0.35310734,  0.35310734,  0.35310734,  0.35310734,  0.35310734,  0.35310734 },
    { 0.49006566,  0.41627118,  0.27751497,  0.09744750, -0.09744750, -0.27751497, -0.41627118, -0.49006566 },
    { 0.46213864,  0.19105732, -0.19105732, -0.46213864, -0.46213864, -0.19105732,  0.19105732,  0.46213864 },
    { 0.41627118, -0.09744750, -0.49006566, -0.27751497,  0.27751497,  0.49006566,  0.09744750, -0.41627118 },
    { 0.35310734, -0.35310734, -0.35310734,  0.35310734,  0.35310734, -0.35310734, -0.35310734,  0.35310734 },
    { 0.27751497, -0.49006566,  0.09744750,  0.41627118, -0.41627118, -0.09744750,  0.49006566, -0.27751497 },
    { 0.19105732, -0.46213864,  0.46213864, -0.19105732, -0.19105732,  0.46213864, -0.46213864,  0.19105732 },
    { 0.09744750, -0.27751497,  0.41627118, -0.49006566,  0.49006566, -0.41627118,  0.27751497, -0.09744750 }
};

const int quant_luminancia[8][8] = {
    {16, 11, 10, 16, 24, 40, 51, 61},
    {12, 12, 14, 19, 26, 58, 60, 55},
    {14, 13, 16, 24, 40, 57, 69, 56},
    {14, 17, 22, 29, 51, 87, 80, 62},
    {18, 22, 37, 56, 68, 109, 103, 77},
    {24, 35, 55, 64, 81, 104, 113, 92},
    {79, 64, 78, 87, 103, 121, 120, 101},
    {72, 92, 95, 98, 112, 100, 103, 99}
};

const int quant_crominancia[8][8] = {
    {17, 18, 24, 47, 99, 99, 99, 99},
    {18, 21, 26, 66, 99, 99, 99, 99},
    {24, 26, 56, 99, 99, 99, 99, 99},
    {47, 66, 99, 99, 99, 99, 99, 99},
    {99, 99, 99, 99, 99, 99, 99, 99},
    {99, 99, 99, 99, 99, 99, 99, 99},
    {99, 99, 99, 99, 99, 99, 99, 99},
    {99, 99, 99, 99, 99, 99, 99, 99}
};

const uint32_t tabelaAC_quinzeZeros = 0b111111110111;
const uint32_t tabelaAC_acabouVetor = 0b1010;

const uint32_t tabelaAC[16][10] = {
    // [0]
    {0b00, 0b01, 0b100, 0b1011, 0b11010, 0b111000, 0b1111000, 0b1111110110, 0b1111111110000010, 0b1111111110000011},
    // [1]
    {0b1100, 0b111001, 0b1111001, 0b111110110, 0b11111110110, 0b1111111110000100, 0b1111111110000101, 0b1111111110000110, 0b1111111110000111, 0b1111111110001000},
    // [2]
    {0b11011, 0b11111000, 0b1111110111, 0b1111111110001001, 0b1111111110001010, 0b1111111110001011, 0b1111111110001100, 0b1111111110001101, 0b1111111110001110, 0b1111111110001111},
    // [3]
    {0b111010, 0b111110111, 0b11111110111, 0b1111111110010000, 0b1111111110010001, 0b1111111110010010, 0b1111111110010011, 0b1111111110010100, 0b1111111110010101, 0b1111111110010110},
    // [4]
    {0b111011, 0b1111111000, 0b1111111110010111, 0b1111111110011000, 0b1111111110011001, 0b1111111110011010, 0b1111111110011011, 0b1111111110011100, 0b1111111110011101, 0b1111111110011110},
    // [5]
    {0b1111010, 0b1111111001, 0b1111111110011111, 0b1111111110100000, 0b1111111110100001, 0b1111111110100010, 0b1111111110100011, 0b1111111110100100, 0b1111111110100101, 0b1111111110100110},
    // [6]
    {0b1111011, 0b11111111000, 0b1111111110100111, 0b1111111110101000, 0b1111111110101001, 0b1111111110101010, 0b1111111110101011, 0b1111111110101100, 0b1111111110101101, 0b1111111110101110},
    // [7]
    {0b11111001, 0b11111111001, 0b1111111110101111, 0b1111111110110000, 0b1111111110110001, 0b1111111110110010, 0b1111111110110011, 0b1111111110110100, 0b1111111110110101, 0b1111111110110110},
    // [8]
    {0b11111010, 0b111111111000000, 0b1111111110110111, 0b1111111110111000, 0b1111111110111001, 0b1111111110111010, 0b1111111110111011, 0b1111111110111100, 0b1111111110111101, 0b1111111110111110},
    // [9]
    {0b111111000, 0b1111111110111111, 0b1111111111000000, 0b1111111111000001, 0b1111111111000010, 0b1111111111000011, 0b1111111111000100, 0b1111111111000101, 0b1111111111000110, 0b1111111111000111},
    // [10]
    {0b111111001, 0b1111111111001000, 0b1111111111001001, 0b1111111111001010, 0b1111111111001011, 0b1111111111001100, 0b1111111111001101, 0b1111111111001110, 0b1111111111001111, 0b1111111111010000},
    // [11]
    {0b111111010, 0b1111111111010001, 0b1111111111010010, 0b1111111111010011, 0b1111111111010100, 0b1111111111010101, 0b1111111111010110, 0b1111111111010111, 0b1111111111011000, 0b1111111111011001},
    // [12]
    {0b1111111010, 0b1111111111011010, 0b1111111111011011, 0b1111111111011100, 0b1111111111011101, 0b1111111111011110, 0b1111111111011111, 0b1111111111100000, 0b1111111111100001, 0b1111111111100010},
    // [13]
    {0b11111111010, 0b1111111111100011, 0b1111111111100100, 0b1111111111100101, 0b1111111111100110, 0b1111111111100111, 0b1111111111101000, 0b1111111111101001, 0b1111111111101010, 0b1111111111101011},
    // [14]
    {0b111111110110, 0b1111111111101100, 0b1111111111101101, 0b1111111111101110, 0b1111111111101111, 0b1111111111110000, 0b1111111111110001, 0b1111111111110010, 0b1111111111110011, 0b1111111111110100},
    // [15]
    {0b1111111111110101, 0b1111111111110110, 0b1111111111110111, 0b1111111111111000, 0b1111111111111001, 0b1111111111111010, 0b1111111111111011, 0b1111111111111100, 0b1111111111111101, 0b1111111111111110}
};

const uint32_t tabelaDC[11] = {
    0b010,
    0b011,
    0b100,
    0b00,
    0b101,
    0b110,
    0b1110,
    0b11110,
    0b111110,
    0b1111110,
    0b11111110
};